2013-04-23@16:00:57.341 BRLTTY 4.4 rev Unversioned directory [http://mielke.cc/brltty/]
2013-04-23@16:00:57.342 Working Directory: /home/timothy/works/2012/braille/everything/UOBP/brltty-4.4
2013-04-23@16:00:57.342 Writable Directory: /var/run/brltty
2013-04-23@16:00:57.343 Configuration File: /etc/brltty.conf
2013-04-23@16:00:57.343 Preferences File: brltty.prefs
2013-04-23@16:00:57.343 regions: text=0.0 status=0.0
2013-04-23@16:00:57.343 shifts: full=1 half=0 vertical=5
2013-04-23@16:00:57.343 Drivers Directory: /home/timothy/works/2012/braille/everything/UOBP/brltty-4.4/Programs/../lib
2013-04-23@16:00:57.343 Tables Directory: /home/timothy/works/2012/braille/everything/UOBP/brltty-4.4/Programs/../Tables
2013-04-23@16:00:57.343 checking for text table: /home/timothy/works/2012/braille/everything/UOBP/brltty-4.4/Programs/../Tables/cs_CZ.ttb
2013-04-23@16:00:57.344 checking for text table: /home/timothy/works/2012/braille/everything/UOBP/brltty-4.4/Programs/../Tables/cs.ttb
2013-04-23@16:00:57.344 compiling text table: /home/timothy/works/2012/braille/everything/UOBP/brltty-4.4/Programs/../Tables/cs.ttb
2013-04-23@16:00:57.344 file opened: /home/timothy/works/2012/braille/everything/UOBP/brltty-4.4/Programs/../Tables/cs.ttb fd=4
2013-04-23@16:00:57.344 including data file: /home/timothy/works/2012/braille/everything/UOBP/brltty-4.4/Programs/../Tables/cs.ttb
2013-04-23@16:00:57.355 file opened: /home/timothy/works/2012/braille/everything/UOBP/brltty-4.4/Programs/../Tables/numbers-dot8.tti fd=5
2013-04-23@16:00:57.356 including data file: /home/timothy/works/2012/braille/everything/UOBP/brltty-4.4/Programs/../Tables/numbers-dot8.tti
2013-04-23@16:00:57.357 file opened: /home/timothy/works/2012/braille/everything/UOBP/brltty-4.4/Programs/../Tables/common.tti fd=5
2013-04-23@16:00:57.357 including data file: /home/timothy/works/2012/braille/everything/UOBP/brltty-4.4/Programs/../Tables/common.tti
2013-04-23@16:00:57.357 file opened: /home/timothy/works/2012/braille/everything/UOBP/brltty-4.4/Programs/../Tables/spaces.tti fd=6
2013-04-23@16:00:57.357 including data file: /home/timothy/works/2012/braille/everything/UOBP/brltty-4.4/Programs/../Tables/spaces.tti
2013-04-23@16:00:57.358 file opened: /home/timothy/works/2012/braille/everything/UOBP/brltty-4.4/Programs/../Tables/boxes.tti fd=6
2013-04-23@16:00:57.358 including data file: /home/timothy/works/2012/braille/everything/UOBP/brltty-4.4/Programs/../Tables/boxes.tti
2013-04-23@16:00:57.359 file opened: /home/timothy/works/2012/braille/everything/UOBP/brltty-4.4/Programs/../Tables/blocks.tti fd=6
2013-04-23@16:00:57.359 including data file: /home/timothy/works/2012/braille/everything/UOBP/brltty-4.4/Programs/../Tables/blocks.tti
2013-04-23@16:00:57.359 Text Table: cs
2013-04-23@16:00:57.360 Attributes Table: attributes
2013-04-23@16:00:57.360 Contraction Table: none
2013-04-23@16:00:57.360 Key Table: none
2013-04-23@16:00:57.360 Keyboard Property: type=
2013-04-23@16:00:57.360 Keyboard Property: vendor=
2013-04-23@16:00:57.360 Keyboard Property: product=
2013-04-23@16:00:57.360 checking for screen driver: no
2013-04-23@16:00:57.360 initializing screen driver: no
2013-04-23@16:00:57.360 Screen Driver: no [NoScreen]
2013-04-23@16:00:57.360 NoScreen Screen Driver:
2013-04-23@16:00:57.361 BrlAPI Server: release 0.5.7
2013-04-23@16:00:57.361 API Parameter: auth=
2013-04-23@16:00:57.361 API Parameter: host=
2013-04-23@16:00:57.361 API Parameter: stacksize=
2013-04-23@16:00:57.361 checking braille device: /dev/ttyUSB0
2013-04-23@16:00:57.361 checking for braille driver: ob
2013-04-23@16:00:57.362 initializing braille driver: ob -> /dev/ttyUSB0
2013-04-23@16:00:57.362 Initializing serial.
2013-04-23@16:00:57.362 device directory: /dev
2013-04-23@16:00:57.363 socket 1 established (fd 5)
2013-04-23@16:00:57.364 linking local socket lock: Soubor již existuje
2013-04-23@16:00:57.365 socket 0 established (fd 6)
2013-04-23@16:00:57.373 serial device opened: /dev/ttyUSB0: fd=4
2013-04-23@16:00:57.774 Serial initialized.
2013-04-23@16:00:57.774 Initializing capability nodes.
2013-04-23@16:00:57.774 0Preform initializing capability nodes.
2013-04-23@16:00:57.774 1Preform initializing capability nodes.
2013-04-23@16:00:57.775 ERROR: End of packet reached unexpectedly.  Malformed packet.
2013-04-23@16:00:57.775 Sending start flag.
2013-04-23@16:00:57.775 Start flag sent.
2013-04-23@16:00:57.775 Packet sent.
2013-04-23@16:00:57.775 Initialization packet sent.
2013-04-23@16:00:57.776 Sending start flag.
2013-04-23@16:00:57.776 Start flag sent.
2013-04-23@16:00:57.776 Packet sent.
2013-04-23@16:00:57.776 Initialization packet sent.
2013-04-23@16:00:57.777 Sending start flag.
2013-04-23@16:00:57.777 Start flag sent.
2013-04-23@16:00:57.777 Packet sent.
2013-04-23@16:00:57.777 Initialization packet sent.
2013-04-23@16:00:57.777 Sending start flag.
2013-04-23@16:00:57.778 Start flag sent.
2013-04-23@16:00:57.778 Packet sent.
2013-04-23@16:00:57.778 Initialization packet sent.
2013-04-23@16:00:57.778 Sending start flag.
2013-04-23@16:00:57.778 Start flag sent.
2013-04-23@16:00:57.779 Packet sent.
2013-04-23@16:00:57.779 Initialization packet sent.
2013-04-23@16:00:57.779 Sending start flag.
2013-04-23@16:00:57.779 Start flag sent.
2013-04-23@16:00:57.780 Packet sent.
2013-04-23@16:00:57.780 Initialization packet sent.
2013-04-23@16:00:57.780 Sending start flag.
2013-04-23@16:00:57.780 Start flag sent.
2013-04-23@16:00:57.780 Packet sent.
2013-04-23@16:00:57.781 Initialization packet sent.
2013-04-23@16:00:57.781 Unexpected byte that was not a frame start flag. The byte was:0
2013-04-23@16:00:57.781 Unexpected byte that was not a frame start flag. The byte was:0
2013-04-23@16:00:57.781 Unexpected byte that was not a frame start flag. The byte was:0
2013-04-23@16:00:57.781 Unexpected byte that was not a frame start flag. The byte was:0
2013-04-23@16:00:57.782 Unexpected byte that was not a frame start flag. The byte was:0
2013-04-23@16:00:57.782 Unexpected byte that was not a frame start flag. The byte was:0
2013-04-23@16:00:57.784 Unexpected byte that was not a frame start flag. The byte was:0
2013-04-23@16:00:57.786 Unexpected byte that was not a frame start flag. The byte was:0
2013-04-23@16:00:57.788 Unexpected byte that was not a frame start flag. The byte was:0
2013-04-23@16:00:57.790 Unexpected byte that was not a frame start flag. The byte was:0
2013-04-23@16:00:57.792 Unexpected byte that was not a frame start flag. The byte was:0
2013-04-23@16:00:57.794 Unexpected byte that was not a frame start flag. The byte was:0
2013-04-23@16:00:57.796 Unexpected byte that was not a frame start flag. The byte was:0
2013-04-23@16:00:57.798 Unexpected byte that was not a frame start flag. The byte was:0
2013-04-23@16:00:57.800 Unexpected byte that was not a frame start flag. The byte was:0
2013-04-23@16:00:57.802 Unexpected byte that was not a frame start flag. The byte was:0
2013-04-23@16:00:57.804 Unexpected byte that was not a frame start flag. The byte was:0
2013-04-23@16:00:57.806 Unexpected byte that was not a frame start flag. The byte was:0
2013-04-23@16:00:57.808 Unexpected byte that was not a frame start flag. The byte was:0
2013-04-23@16:00:57.810 Unexpected byte that was not a frame start flag. The byte was:0
2013-04-23@16:00:57.812 Unexpected byte that was not a frame start flag. The byte was:0
2013-04-23@16:00:57.814 Unexpected byte that was not a frame start flag. The byte was:0
2013-04-23@16:00:57.816 Unexpected byte that was not a frame start flag. The byte was:0
2013-04-23@16:00:57.818 Unexpected byte that was not a frame start flag. The byte was:0
2013-04-23@16:00:57.820 Unexpected byte that was not a frame start flag. The byte was:0
2013-04-23@16:00:57.822 Unexpected byte that was not a frame start flag. The byte was:0
2013-04-23@16:00:57.824 Unexpected byte that was not a frame start flag. The byte was:0
2013-04-23@16:00:57.826 Unexpected byte that was not a frame start flag. The byte was:0
2013-04-23@16:00:57.828 Unexpected byte that was not a frame start flag. The byte was:0
2013-04-23@16:00:57.830 Unexpected byte that was not a frame start flag. The byte was:0
2013-04-23@16:00:57.832 Unexpected byte that was not a frame start flag. The byte was:0
2013-04-23@16:00:57.834 Unexpected byte that was not a frame start flag. The byte was:0
2013-04-23@16:00:57.836 Unexpected byte that was not a frame start flag. The byte was:0
2013-04-23@16:00:57.838 Unexpected byte that was not a frame start flag. The byte was:0
2013-04-23@16:00:57.840 Unexpected byte that was not a frame start flag. The byte was:0
2013-04-23@16:00:57.842 Unexpected byte that was not a frame start flag. The byte was:0
2013-04-23@16:00:57.844 Unexpected byte that was not a frame start flag. The byte was:0
2013-04-23@16:00:57.846 Unexpected byte that was not a frame start flag. The byte was:0
2013-04-23@16:00:57.848 Unexpected byte that was not a frame start flag. The byte was:0
2013-04-23@16:00:57.850 Unexpected byte that was not a frame start flag. The byte was:0
2013-04-23@16:00:57.852 Unexpected byte that was not a frame start flag. The byte was:0
2013-04-23@16:00:57.854 Unexpected byte that was not a frame start flag. The byte was:0
2013-04-23@16:00:57.856 Unexpected byte that was not a frame start flag. The byte was:0
2013-04-23@16:00:57.858 Unexpected byte that was not a frame start flag. The byte was:0
2013-04-23@16:00:57.860 Unexpected byte that was not a frame start flag. The byte was:0
2013-04-23@16:00:57.862 Unexpected byte that was not a frame start flag. The byte was:0
2013-04-23@16:00:57.864 Unexpected byte that was not a frame start flag. The byte was:0
2013-04-23@16:00:57.866 Unexpected byte that was not a frame start flag. The byte was:0
2013-04-23@16:00:57.866 Sending start flag.
2013-04-23@16:00:57.866 Start flag sent.
2013-04-23@16:00:57.866 Packet sent.
2013-04-23@16:00:57.867 Initialization packet sent.
2013-04-23@16:00:57.867 Unexpected byte that was not a frame start flag. The byte was:0
2013-04-23@16:00:57.867 Unexpected byte that was not a frame start flag. The byte was:0
2013-04-23@16:00:57.867 Unexpected byte that was not a frame start flag. The byte was:0
2013-04-23@16:00:57.867 Unexpected byte that was not a frame start flag. The byte was:0
2013-04-23@16:00:57.867 Unexpected byte that was not a frame start flag. The byte was:0
2013-04-23@16:00:57.867 Unexpected byte that was not a frame start flag. The byte was:0
2013-04-23@16:00:57.868 Unexpected byte that was not a frame start flag. The byte was:0
2013-04-23@16:00:57.868 Unexpected byte that was not a frame start flag. The byte was:0
2013-04-23@16:00:57.870 Unexpected byte that was not a frame start flag. The byte was:0
2013-04-23@16:00:57.872 Unexpected byte that was not a frame start flag. The byte was:0
2013-04-23@16:00:57.874 Unexpected byte that was not a frame start flag. The byte was:0
2013-04-23@16:00:57.876 Unexpected byte that was not a frame start flag. The byte was:0
2013-04-23@16:00:57.878 Unexpected byte that was not a frame start flag. The byte was:0
2013-04-23@16:00:57.880 Unexpected byte that was not a frame start flag. The byte was:0
2013-04-23@16:00:57.882 Unexpected byte that was not a frame start flag. The byte was:0
2013-04-23@16:00:57.884 Unexpected byte that was not a frame start flag. The byte was:0
2013-04-23@16:00:57.886 Unexpected byte that was not a frame start flag. The byte was:0
2013-04-23@16:00:57.888 Unexpected byte that was not a frame start flag. The byte was:0
2013-04-23@16:00:57.890 Unexpected byte that was not a frame start flag. The byte was:0
2013-04-23@16:00:57.892 Unexpected byte that was not a frame start flag. The byte was:0
2013-04-23@16:00:57.894 Unexpected byte that was not a frame start flag. The byte was:0
2013-04-23@16:00:57.896 Unexpected byte that was not a frame start flag. The byte was:0
2013-04-23@16:00:57.898 Unexpected byte that was not a frame start flag. The byte was:0
2013-04-23@16:00:57.900 Unexpected byte that was not a frame start flag. The byte was:0
2013-04-23@16:00:57.902 Unexpected byte that was not a frame start flag. The byte was:0
2013-04-23@16:00:57.904 Unexpected byte that was not a frame start flag. The byte was:0
2013-04-23@16:00:57.906 Unexpected byte that was not a frame start flag. The byte was:0
2013-04-23@16:00:57.908 Unexpected byte that was not a frame start flag. The byte was:0
2013-04-23@16:00:57.910 Unexpected byte that was not a frame start flag. The byte was:0
2013-04-23@16:00:57.912 Unexpected byte that was not a frame start flag. The byte was:0
2013-04-23@16:00:57.914 Unexpected byte that was not a frame start flag. The byte was:0
2013-04-23@16:00:57.916 Unexpected byte that was not a frame start flag. The byte was:0
2013-04-23@16:00:57.918 Unexpected byte that was not a frame start flag. The byte was:0
2013-04-23@16:00:57.920 Unexpected byte that was not a frame start flag. The byte was:0
2013-04-23@16:00:57.922 Unexpected byte that was not a frame start flag. The byte was:0
2013-04-23@16:00:57.924 Unexpected byte that was not a frame start flag. The byte was:0
2013-04-23@16:00:57.926 Unexpected byte that was not a frame start flag. The byte was:0
2013-04-23@16:00:57.928 Unexpected byte that was not a frame start flag. The byte was:0
2013-04-23@16:00:57.930 Unexpected byte that was not a frame start flag. The byte was:0
2013-04-23@16:00:57.932 Unexpected byte that was not a frame start flag. The byte was:0
2013-04-23@16:00:57.934 Unexpected byte that was not a frame start flag. The byte was:0
2013-04-23@16:00:57.936 Unexpected byte that was not a frame start flag. The byte was:0
2013-04-23@16:00:57.938 Unexpected byte that was not a frame start flag. The byte was:0
2013-04-23@16:00:57.940 Unexpected byte that was not a frame start flag. The byte was:0
2013-04-23@16:00:57.942 Unexpected byte that was not a frame start flag. The byte was:0
2013-04-23@16:00:57.944 Unexpected byte that was not a frame start flag. The byte was:0
2013-04-23@16:00:57.946 Unexpected byte that was not a frame start flag. The byte was:0
2013-04-23@16:00:57.948 Unexpected byte that was not a frame start flag. The byte was:0
2013-04-23@16:00:57.950 Unexpected byte that was not a frame start flag. The byte was:0
2013-04-23@16:00:57.952 Unexpected byte that was not a frame start flag. The byte was:0
2013-04-23@16:00:57.954 Unexpected byte that was not a frame start flag. The byte was:0
2013-04-23@16:00:57.956 Unexpected byte that was not a frame start flag. The byte was:0
2013-04-23@16:00:57.958 Unexpected byte that was not a frame start flag. The byte was:0
2013-04-23@16:00:57.960 Unexpected byte that was not a frame start flag. The byte was:0
2013-04-23@16:00:57.962 Unexpected byte that was not a frame start flag. The byte was:0
2013-04-23@16:00:57.964 Unexpected byte that was not a frame start flag. The byte was:0
2013-04-23@16:00:57.966 Unexpected byte that was not a frame start flag. The byte was:0
2013-04-23@16:00:57.968 Unexpected byte that was not a frame start flag. The byte was:0
2013-04-23@16:00:57.970 Unexpected byte that was not a frame start flag. The byte was:0
2013-04-23@16:00:57.972 Unexpected byte that was not a frame start flag. The byte was:0
2013-04-23@16:00:57.974 Unexpected byte that was not a frame start flag. The byte was:0
2013-04-23@16:00:57.976 Unexpected byte that was not a frame start flag. The byte was:0
2013-04-23@16:00:57.978 Unexpected byte that was not a frame start flag. The byte was:0
2013-04-23@16:00:57.980 Unexpected byte that was not a frame start flag. The byte was:0
2013-04-23@16:00:57.982 Unexpected byte that was not a frame start flag. The byte was:0
2013-04-23@16:00:57.984 Unexpected byte that was not a frame start flag. The byte was:0
2013-04-23@16:00:57.986 Unexpected byte that was not a frame start flag. The byte was:0
2013-04-23@16:00:57.988 Unexpected byte that was not a frame start flag. The byte was:0
2013-04-23@16:00:57.990 Unexpected byte that was not a frame start flag. The byte was:0
2013-04-23@16:00:57.992 Unexpected byte that was not a frame start flag. The byte was:0
2013-04-23@16:00:57.994 Unexpected byte that was not a frame start flag. The byte was:0
2013-04-23@16:00:57.996 Unexpected byte that was not a frame start flag. The byte was:0
2013-04-23@16:00:57.998 Unexpected byte that was not a frame start flag. The byte was:0
2013-04-23@16:00:58.000 Unexpected byte that was not a frame start flag. The byte was:0
2013-04-23@16:00:58.002 Unexpected byte that was not a frame start flag. The byte was:0
2013-04-23@16:00:58.004 Unexpected byte that was not a frame start flag. The byte was:0
2013-04-23@16:00:58.006 Unexpected byte that was not a frame start flag. The byte was:0
2013-04-23@16:00:58.008 Unexpected byte that was not a frame start flag. The byte was:0
2013-04-23@16:00:58.010 Unexpected byte that was not a frame start flag. The byte was:0
2013-04-23@16:00:58.012 Unexpected byte that was not a frame start flag. The byte was:0
2013-04-23@16:00:58.014 Unexpected byte that was not a frame start flag. The byte was:0
2013-04-23@16:00:58.016 Unexpected byte that was not a frame start flag. The byte was:0
2013-04-23@16:00:58.018 Unexpected byte that was not a frame start flag. The byte was:0
2013-04-23@16:00:58.020 Unexpected byte that was not a frame start flag. The byte was:0
2013-04-23@16:00:58.022 Unexpected byte that was not a frame start flag. The byte was:0
2013-04-23@16:00:58.024 Unexpected byte that was not a frame start flag. The byte was:0
2013-04-23@16:00:58.026 Unexpected byte that was not a frame start flag. The byte was:0
2013-04-23@16:00:58.028 Unexpected byte that was not a frame start flag. The byte was:0
2013-04-23@16:00:58.030 Unexpected byte that was not a frame start flag. The byte was:0
2013-04-23@16:00:58.032 Unexpected byte that was not a frame start flag. The byte was:0
2013-04-23@16:00:58.034 Unexpected byte that was not a frame start flag. The byte was:0
2013-04-23@16:00:58.036 Unexpected byte that was not a frame start flag. The byte was:0
2013-04-23@16:00:58.038 Unexpected byte that was not a frame start flag. The byte was:0
2013-04-23@16:00:58.040 Unexpected byte that was not a frame start flag. The byte was:0
2013-04-23@16:00:58.042 Unexpected byte that was not a frame start flag. The byte was:0
2013-04-23@16:00:58.044 Unexpected byte that was not a frame start flag. The byte was:0
2013-04-23@16:00:58.046 Unexpected byte that was not a frame start flag. The byte was:0
2013-04-23@16:00:58.048 Unexpected byte that was not a frame start flag. The byte was:0
2013-04-23@16:00:58.050 Unexpected byte that was not a frame start flag. The byte was:0
2013-04-23@16:00:58.052 Unexpected byte that was not a frame start flag. The byte was:0
2013-04-23@16:00:58.054 Unexpected byte that was not a frame start flag. The byte was:0
2013-04-23@16:00:58.054 Sending start flag.
2013-04-23@16:00:58.054 Start flag sent.
2013-04-23@16:00:58.054 Packet sent.
2013-04-23@16:00:58.055 Initialization packet sent.
2013-04-23@16:00:58.055 Unexpected byte that was not a frame start flag. The byte was:0
2013-04-23@16:00:58.055 Unexpected byte that was not a frame start flag. The byte was:0
2013-04-23@16:00:58.055 Unexpected byte that was not a frame start flag. The byte was:0
2013-04-23@16:00:58.055 Unexpected byte that was not a frame start flag. The byte was:0
2013-04-23@16:00:58.055 Unexpected byte that was not a frame start flag. The byte was:0
2013-04-23@16:00:58.055 Unexpected byte that was not a frame start flag. The byte was:0
2013-04-23@16:00:58.056 Unexpected byte that was not a frame start flag. The byte was:0
2013-04-23@16:00:58.056 Unexpected byte that was not a frame start flag. The byte was:0
2013-04-23@16:00:58.058 Unexpected byte that was not a frame start flag. The byte was:0
2013-04-23@16:00:58.060 Unexpected byte that was not a frame start flag. The byte was:0
2013-04-23@16:00:58.062 Unexpected byte that was not a frame start flag. The byte was:0
2013-04-23@16:00:58.064 Unexpected byte that was not a frame start flag. The byte was:0
2013-04-23@16:00:58.066 Unexpected byte that was not a frame start flag. The byte was:0
2013-04-23@16:00:58.068 Unexpected byte that was not a frame start flag. The byte was:0
2013-04-23@16:00:58.070 Unexpected byte that was not a frame start flag. The byte was:0
2013-04-23@16:00:58.072 Unexpected byte that was not a frame start flag. The byte was:0
2013-04-23@16:00:58.074 Unexpected byte that was not a frame start flag. The byte was:0
2013-04-23@16:00:58.076 Unexpected byte that was not a frame start flag. The byte was:0
2013-04-23@16:00:58.078 Unexpected byte that was not a frame start flag. The byte was:0
2013-04-23@16:00:58.080 Unexpected byte that was not a frame start flag. The byte was:0
2013-04-23@16:00:58.082 Unexpected byte that was not a frame start flag. The byte was:0
2013-04-23@16:00:58.084 Unexpected byte that was not a frame start flag. The byte was:0
2013-04-23@16:00:58.086 Unexpected byte that was not a frame start flag. The byte was:0
2013-04-23@16:00:58.088 Unexpected byte that was not a frame start flag. The byte was:0
2013-04-23@16:00:58.090 Unexpected byte that was not a frame start flag. The byte was:0
2013-04-23@16:00:58.092 Unexpected byte that was not a frame start flag. The byte was:0
2013-04-23@16:00:58.094 Unexpected byte that was not a frame start flag. The byte was:0
2013-04-23@16:00:58.096 Unexpected byte that was not a frame start flag. The byte was:0
2013-04-23@16:00:58.098 Unexpected byte that was not a frame start flag. The byte was:0
2013-04-23@16:00:58.100 Unexpected byte that was not a frame start flag. The byte was:0
2013-04-23@16:00:58.102 Unexpected byte that was not a frame start flag. The byte was:0
2013-04-23@16:00:58.104 Unexpected byte that was not a frame start flag. The byte was:0
2013-04-23@16:00:58.106 Unexpected byte that was not a frame start flag. The byte was:0
2013-04-23@16:00:58.108 Unexpected byte that was not a frame start flag. The byte was:0
2013-04-23@16:00:58.110 Unexpected byte that was not a frame start flag. The byte was:0
2013-04-23@16:00:58.112 Unexpected byte that was not a frame start flag. The byte was:0
2013-04-23@16:00:58.114 Unexpected byte that was not a frame start flag. The byte was:0
2013-04-23@16:00:58.116 Unexpected byte that was not a frame start flag. The byte was:0
2013-04-23@16:00:58.118 Unexpected byte that was not a frame start flag. The byte was:0
2013-04-23@16:00:58.120 Unexpected byte that was not a frame start flag. The byte was:0
2013-04-23@16:00:58.122 Unexpected byte that was not a frame start flag. The byte was:0
2013-04-23@16:00:58.124 Unexpected byte that was not a frame start flag. The byte was:0
2013-04-23@16:00:58.126 Unexpected byte that was not a frame start flag. The byte was:0
2013-04-23@16:00:58.128 Unexpected byte that was not a frame start flag. The byte was:0
2013-04-23@16:00:58.130 Unexpected byte that was not a frame start flag. The byte was:0
2013-04-23@16:00:58.132 Unexpected byte that was not a frame start flag. The byte was:0
2013-04-23@16:00:58.134 Unexpected byte that was not a frame start flag. The byte was:0
2013-04-23@16:00:58.136 Unexpected byte that was not a frame start flag. The byte was:0
2013-04-23@16:00:58.138 Unexpected byte that was not a frame start flag. The byte was:0
2013-04-23@16:00:58.140 Unexpected byte that was not a frame start flag. The byte was:0
2013-04-23@16:00:58.142 Unexpected byte that was not a frame start flag. The byte was:0
2013-04-23@16:00:58.144 Unexpected byte that was not a frame start flag. The byte was:0
2013-04-23@16:00:58.146 Unexpected byte that was not a frame start flag. The byte was:0
2013-04-23@16:00:58.148 Unexpected byte that was not a frame start flag. The byte was:0
2013-04-23@16:00:58.150 Unexpected byte that was not a frame start flag. The byte was:0
2013-04-23@16:00:58.152 Unexpected byte that was not a frame start flag. The byte was:0
2013-04-23@16:00:58.154 Unexpected byte that was not a frame start flag. The byte was:0
2013-04-23@16:00:58.156 Unexpected byte that was not a frame start flag. The byte was:0
2013-04-23@16:00:58.158 Unexpected byte that was not a frame start flag. The byte was:0
2013-04-23@16:00:58.160 Unexpected byte that was not a frame start flag. The byte was:0
2013-04-23@16:00:58.162 Unexpected byte that was not a frame start flag. The byte was:0
2013-04-23@16:00:58.164 Unexpected byte that was not a frame start flag. The byte was:0
2013-04-23@16:00:58.166 Unexpected byte that was not a frame start flag. The byte was:0
2013-04-23@16:00:58.168 Unexpected byte that was not a frame start flag. The byte was:0
2013-04-23@16:00:58.170 Unexpected byte that was not a frame start flag. The byte was:0
2013-04-23@16:00:58.172 Unexpected byte that was not a frame start flag. The byte was:0
2013-04-23@16:00:58.174 Unexpected byte that was not a frame start flag. The byte was:0
2013-04-23@16:00:58.176 Unexpected byte that was not a frame start flag. The byte was:0
2013-04-23@16:00:58.178 Unexpected byte that was not a frame start flag. The byte was:0
2013-04-23@16:00:58.180 Unexpected byte that was not a frame start flag. The byte was:0
2013-04-23@16:00:58.182 Unexpected byte that was not a frame start flag. The byte was:0
2013-04-23@16:00:58.184 Unexpected byte that was not a frame start flag. The byte was:0
2013-04-23@16:00:58.186 Unexpected byte that was not a frame start flag. The byte was:0
2013-04-23@16:00:58.188 Unexpected byte that was not a frame start flag. The byte was:0
2013-04-23@16:00:58.190 Unexpected byte that was not a frame start flag. The byte was:0
2013-04-23@16:00:58.192 Unexpected byte that was not a frame start flag. The byte was:0
2013-04-23@16:00:58.194 Unexpected byte that was not a frame start flag. The byte was:0
2013-04-23@16:00:58.196 Unexpected byte that was not a frame start flag. The byte was:0
2013-04-23@16:00:58.198 Unexpected byte that was not a frame start flag. The byte was:0
2013-04-23@16:00:58.200 Unexpected byte that was not a frame start flag. The byte was:0
2013-04-23@16:00:58.202 Unexpected byte that was not a frame start flag. The byte was:0
2013-04-23@16:00:58.204 Unexpected byte that was not a frame start flag. The byte was:0
2013-04-23@16:00:58.206 Unexpected byte that was not a frame start flag. The byte was:0
2013-04-23@16:00:58.208 Unexpected byte that was not a frame start flag. The byte was:0
2013-04-23@16:00:58.210 Unexpected byte that was not a frame start flag. The byte was:0
2013-04-23@16:00:58.212 Unexpected byte that was not a frame start flag. The byte was:0
2013-04-23@16:00:58.214 Unexpected byte that was not a frame start flag. The byte was:0
2013-04-23@16:00:58.216 Unexpected byte that was not a frame start flag. The byte was:0
2013-04-23@16:00:58.218 Unexpected byte that was not a frame start flag. The byte was:0
2013-04-23@16:00:58.220 Unexpected byte that was not a frame start flag. The byte was:0
2013-04-23@16:00:58.222 Unexpected byte that was not a frame start flag. The byte was:0
2013-04-23@16:00:58.224 Unexpected byte that was not a frame start flag. The byte was:0
2013-04-23@16:00:58.226 Unexpected byte that was not a frame start flag. The byte was:0
2013-04-23@16:00:58.228 Unexpected byte that was not a frame start flag. The byte was:0
2013-04-23@16:00:58.230 Unexpected byte that was not a frame start flag. The byte was:0
2013-04-23@16:00:58.232 Unexpected byte that was not a frame start flag. The byte was:0
2013-04-23@16:00:58.234 Unexpected byte that was not a frame start flag. The byte was:0
2013-04-23@16:00:58.236 Unexpected byte that was not a frame start flag. The byte was:0
2013-04-23@16:00:58.238 Unexpected byte that was not a frame start flag. The byte was:0
2013-04-23@16:00:58.240 Unexpected byte that was not a frame start flag. The byte was:0
2013-04-23@16:00:58.242 Unexpected byte that was not a frame start flag. The byte was:0
2013-04-23@16:00:58.242 Sending start flag.
2013-04-23@16:00:58.242 Start flag sent.
2013-04-23@16:00:58.243 Packet sent.
2013-04-23@16:00:58.243 Initialization packet sent.
2013-04-23@16:00:58.243 Unexpected byte that was not a frame start flag. The byte was:0
2013-04-23@16:00:58.243 Unexpected byte that was not a frame start flag. The byte was:0
2013-04-23@16:00:58.243 Unexpected byte that was not a frame start flag. The byte was:0
2013-04-23@16:00:58.243 Unexpected byte that was not a frame start flag. The byte was:0
2013-04-23@16:00:58.243 Unexpected byte that was not a frame start flag. The byte was:0
2013-04-23@16:00:58.244 Unexpected byte that was not a frame start flag. The byte was:0
2013-04-23@16:00:58.244 Unexpected byte that was not a frame start flag. The byte was:0
2013-04-23@16:00:58.246 Unexpected byte that was not a frame start flag. The byte was:0
2013-04-23@16:00:58.248 Unexpected byte that was not a frame start flag. The byte was:0
2013-04-23@16:00:58.250 Unexpected byte that was not a frame start flag. The byte was:0
2013-04-23@16:00:58.252 Unexpected byte that was not a frame start flag. The byte was:0
2013-04-23@16:00:58.254 Unexpected byte that was not a frame start flag. The byte was:0
2013-04-23@16:00:58.256 Unexpected byte that was not a frame start flag. The byte was:0
2013-04-23@16:00:58.258 Unexpected byte that was not a frame start flag. The byte was:0
2013-04-23@16:00:58.260 Unexpected byte that was not a frame start flag. The byte was:0
2013-04-23@16:00:58.262 Unexpected byte that was not a frame start flag. The byte was:0
2013-04-23@16:00:58.264 Unexpected byte that was not a frame start flag. The byte was:0
2013-04-23@16:00:58.266 Unexpected byte that was not a frame start flag. The byte was:0
2013-04-23@16:00:58.268 Unexpected byte that was not a frame start flag. The byte was:0
2013-04-23@16:00:58.270 Unexpected byte that was not a frame start flag. The byte was:0
2013-04-23@16:00:58.272 Unexpected byte that was not a frame start flag. The byte was:0
2013-04-23@16:00:58.274 Unexpected byte that was not a frame start flag. The byte was:0
2013-04-23@16:00:58.276 Unexpected byte that was not a frame start flag. The byte was:0
2013-04-23@16:00:58.278 Unexpected byte that was not a frame start flag. The byte was:0
2013-04-23@16:00:58.280 Unexpected byte that was not a frame start flag. The byte was:0
2013-04-23@16:00:58.282 Unexpected byte that was not a frame start flag. The byte was:0
2013-04-23@16:00:58.284 Unexpected byte that was not a frame start flag. The byte was:0
2013-04-23@16:00:58.286 Unexpected byte that was not a frame start flag. The byte was:0
2013-04-23@16:00:58.288 Unexpected byte that was not a frame start flag. The byte was:0
2013-04-23@16:00:58.290 Unexpected byte that was not a frame start flag. The byte was:0
2013-04-23@16:00:58.292 Unexpected byte that was not a frame start flag. The byte was:0
2013-04-23@16:00:58.294 Unexpected byte that was not a frame start flag. The byte was:0
2013-04-23@16:00:58.296 Unexpected byte that was not a frame start flag. The byte was:0
2013-04-23@16:00:58.298 Unexpected byte that was not a frame start flag. The byte was:0
2013-04-23@16:00:58.300 Unexpected byte that was not a frame start flag. The byte was:0
2013-04-23@16:00:58.302 Unexpected byte that was not a frame start flag. The byte was:0
2013-04-23@16:00:58.304 Unexpected byte that was not a frame start flag. The byte was:0
2013-04-23@16:00:58.306 Unexpected byte that was not a frame start flag. The byte was:0
2013-04-23@16:00:58.308 Unexpected byte that was not a frame start flag. The byte was:0
2013-04-23@16:00:58.310 Unexpected byte that was not a frame start flag. The byte was:0
2013-04-23@16:00:58.312 Unexpected byte that was not a frame start flag. The byte was:0
2013-04-23@16:00:58.314 Unexpected byte that was not a frame start flag. The byte was:0
2013-04-23@16:00:58.316 Unexpected byte that was not a frame start flag. The byte was:0
2013-04-23@16:00:58.318 Unexpected byte that was not a frame start flag. The byte was:0
2013-04-23@16:00:58.320 Unexpected byte that was not a frame start flag. The byte was:0
2013-04-23@16:00:58.322 Unexpected byte that was not a frame start flag. The byte was:0
2013-04-23@16:00:58.324 Unexpected byte that was not a frame start flag. The byte was:0
2013-04-23@16:00:58.326 Unexpected byte that was not a frame start flag. The byte was:0
2013-04-23@16:00:58.328 Unexpected byte that was not a frame start flag. The byte was:0
2013-04-23@16:00:58.330 Unexpected byte that was not a frame start flag. The byte was:0
2013-04-23@16:00:58.332 Unexpected byte that was not a frame start flag. The byte was:0
2013-04-23@16:00:58.334 Unexpected byte that was not a frame start flag. The byte was:0
2013-04-23@16:00:58.336 Unexpected byte that was not a frame start flag. The byte was:0
2013-04-23@16:00:58.338 Unexpected byte that was not a frame start flag. The byte was:0
2013-04-23@16:00:58.340 Unexpected byte that was not a frame start flag. The byte was:0
2013-04-23@16:00:58.342 Unexpected byte that was not a frame start flag. The byte was:0
2013-04-23@16:00:58.344 Unexpected byte that was not a frame start flag. The byte was:0
2013-04-23@16:00:58.346 Unexpected byte that was not a frame start flag. The byte was:0
2013-04-23@16:00:58.348 Unexpected byte that was not a frame start flag. The byte was:0
2013-04-23@16:00:58.350 Unexpected byte that was not a frame start flag. The byte was:0
2013-04-23@16:00:58.352 Unexpected byte that was not a frame start flag. The byte was:0
2013-04-23@16:00:58.354 Unexpected byte that was not a frame start flag. The byte was:0
2013-04-23@16:00:58.356 Unexpected byte that was not a frame start flag. The byte was:0
2013-04-23@16:00:58.358 Unexpected byte that was not a frame start flag. The byte was:0
2013-04-23@16:00:58.360 Unexpected byte that was not a frame start flag. The byte was:0
2013-04-23@16:00:58.362 Unexpected byte that was not a frame start flag. The byte was:0
2013-04-23@16:00:58.364 Unexpected byte that was not a frame start flag. The byte was:0
2013-04-23@16:00:58.366 Unexpected byte that was not a frame start flag. The byte was:0
2013-04-23@16:00:58.368 Unexpected byte that was not a frame start flag. The byte was:0
2013-04-23@16:00:58.370 Unexpected byte that was not a frame start flag. The byte was:0
2013-04-23@16:00:58.372 Unexpected byte that was not a frame start flag. The byte was:0
2013-04-23@16:00:58.374 Unexpected byte that was not a frame start flag. The byte was:0
2013-04-23@16:00:58.376 Unexpected byte that was not a frame start flag. The byte was:0
2013-04-23@16:00:58.378 Unexpected byte that was not a frame start flag. The byte was:0
2013-04-23@16:00:58.380 Unexpected byte that was not a frame start flag. The byte was:0
2013-04-23@16:00:58.382 Unexpected byte that was not a frame start flag. The byte was:0
2013-04-23@16:00:58.384 Unexpected byte that was not a frame start flag. The byte was:0
2013-04-23@16:00:58.386 Unexpected byte that was not a frame start flag. The byte was:0
2013-04-23@16:00:58.388 Unexpected byte that was not a frame start flag. The byte was:0
2013-04-23@16:00:58.390 Unexpected byte that was not a frame start flag. The byte was:0
2013-04-23@16:00:58.392 Unexpected byte that was not a frame start flag. The byte was:0
2013-04-23@16:00:58.394 Unexpected byte that was not a frame start flag. The byte was:0
2013-04-23@16:00:58.396 Unexpected byte that was not a frame start flag. The byte was:0
2013-04-23@16:00:58.398 Unexpected byte that was not a frame start flag. The byte was:0
2013-04-23@16:00:58.400 Unexpected byte that was not a frame start flag. The byte was:0
2013-04-23@16:00:58.402 Unexpected byte that was not a frame start flag. The byte was:0
2013-04-23@16:00:58.404 Unexpected byte that was not a frame start flag. The byte was:0
2013-04-23@16:00:58.406 Unexpected byte that was not a frame start flag. The byte was:0
2013-04-23@16:00:58.408 Unexpected byte that was not a frame start flag. The byte was:0
2013-04-23@16:00:58.410 Unexpected byte that was not a frame start flag. The byte was:0
2013-04-23@16:00:58.412 Unexpected byte that was not a frame start flag. The byte was:0
2013-04-23@16:00:58.414 Unexpected byte that was not a frame start flag. The byte was:0
2013-04-23@16:00:58.416 Unexpected byte that was not a frame start flag. The byte was:0
2013-04-23@16:00:58.418 Unexpected byte that was not a frame start flag. The byte was:0
2013-04-23@16:00:58.420 Unexpected byte that was not a frame start flag. The byte was:0
2013-04-23@16:00:58.422 Unexpected byte that was not a frame start flag. The byte was:0
2013-04-23@16:00:58.424 Unexpected byte that was not a frame start flag. The byte was:0
2013-04-23@16:00:58.426 Unexpected byte that was not a frame start flag. The byte was:0
2013-04-23@16:00:58.428 Unexpected byte that was not a frame start flag. The byte was:0
2013-04-23@16:00:58.430 Unexpected byte that was not a frame start flag. The byte was:0
2013-04-23@16:00:58.432 Unexpected byte that was not a frame start flag. The byte was:0
2013-04-23@16:00:58.432 Sending start flag.
2013-04-23@16:00:58.432 Start flag sent.
2013-04-23@16:00:58.432 Packet sent.
2013-04-23@16:00:58.433 Initialization packet sent.
2013-04-23@16:00:58.433 Unexpected byte that was not a frame start flag. The byte was:0
2013-04-23@16:00:58.433 Unexpected byte that was not a frame start flag. The byte was:0
2013-04-23@16:00:58.433 Unexpected byte that was not a frame start flag. The byte was:0
2013-04-23@16:00:58.433 Unexpected byte that was not a frame start flag. The byte was:0
2013-04-23@16:00:58.433 Unexpected byte that was not a frame start flag. The byte was:0
2013-04-23@16:00:58.434 Unexpected byte that was not a frame start flag. The byte was:0
2013-04-23@16:00:58.434 Unexpected byte that was not a frame start flag. The byte was:0
2013-04-23@16:00:58.434 Unexpected byte that was not a frame start flag. The byte was:0
2013-04-23@16:00:58.436 Unexpected byte that was not a frame start flag. The byte was:0
2013-04-23@16:00:58.438 Unexpected byte that was not a frame start flag. The byte was:0
2013-04-23@16:00:58.440 Unexpected byte that was not a frame start flag. The byte was:0
2013-04-23@16:00:58.442 Unexpected byte that was not a frame start flag. The byte was:0
2013-04-23@16:00:58.444 Unexpected byte that was not a frame start flag. The byte was:0
2013-04-23@16:00:58.446 Unexpected byte that was not a frame start flag. The byte was:0
2013-04-23@16:00:58.448 Unexpected byte that was not a frame start flag. The byte was:0
2013-04-23@16:00:58.450 Unexpected byte that was not a frame start flag. The byte was:0
2013-04-23@16:00:58.452 Unexpected byte that was not a frame start flag. The byte was:0
2013-04-23@16:00:58.454 Unexpected byte that was not a frame start flag. The byte was:0
2013-04-23@16:00:58.456 Unexpected byte that was not a frame start flag. The byte was:0
2013-04-23@16:00:58.458 Unexpected byte that was not a frame start flag. The byte was:0
2013-04-23@16:00:58.460 Unexpected byte that was not a frame start flag. The byte was:0
2013-04-23@16:00:58.462 Unexpected byte that was not a frame start flag. The byte was:0
2013-04-23@16:00:58.464 Unexpected byte that was not a frame start flag. The byte was:0
2013-04-23@16:00:58.466 Unexpected byte that was not a frame start flag. The byte was:0
2013-04-23@16:00:58.468 Unexpected byte that was not a frame start flag. The byte was:0
2013-04-23@16:00:58.470 Unexpected byte that was not a frame start flag. The byte was:0
2013-04-23@16:00:58.472 Unexpected byte that was not a frame start flag. The byte was:0
2013-04-23@16:00:58.474 Unexpected byte that was not a frame start flag. The byte was:0
2013-04-23@16:00:58.476 Unexpected byte that was not a frame start flag. The byte was:0
2013-04-23@16:00:58.478 Unexpected byte that was not a frame start flag. The byte was:0
2013-04-23@16:00:58.480 Unexpected byte that was not a frame start flag. The byte was:0
2013-04-23@16:00:58.482 Unexpected byte that was not a frame start flag. The byte was:0
