2013-04-20@15:14:51.428 BRLTTY 4.4 rev Unversioned directory [http://mielke.cc/brltty/]
2013-04-20@15:14:51.429 Working Directory: /home/timothy/works/2012/braille/everything/UOBP/brltty-4.4
2013-04-20@15:14:51.429 Writable Directory: /var/run/brltty
2013-04-20@15:14:51.429 Configuration File: /etc/brltty.conf
2013-04-20@15:14:51.429 Preferences File: brltty.prefs
2013-04-20@15:14:51.430 regions: text=0.0 status=0.0
2013-04-20@15:14:51.430 shifts: full=1 half=0 vertical=5
2013-04-20@15:14:51.430 Drivers Directory: /home/timothy/works/2012/braille/everything/UOBP/brltty-4.4/Programs/../lib
2013-04-20@15:14:51.430 Tables Directory: /home/timothy/works/2012/braille/everything/UOBP/brltty-4.4/Programs/../Tables
2013-04-20@15:14:51.430 checking for text table: /home/timothy/works/2012/braille/everything/UOBP/brltty-4.4/Programs/../Tables/cs_CZ.ttb
2013-04-20@15:14:51.430 checking for text table: /home/timothy/works/2012/braille/everything/UOBP/brltty-4.4/Programs/../Tables/cs.ttb
2013-04-20@15:14:51.431 compiling text table: /home/timothy/works/2012/braille/everything/UOBP/brltty-4.4/Programs/../Tables/cs.ttb
2013-04-20@15:14:51.432 file opened: /home/timothy/works/2012/braille/everything/UOBP/brltty-4.4/Programs/../Tables/cs.ttb fd=4
2013-04-20@15:14:51.432 including data file: /home/timothy/works/2012/braille/everything/UOBP/brltty-4.4/Programs/../Tables/cs.ttb
2013-04-20@15:14:51.445 file opened: /home/timothy/works/2012/braille/everything/UOBP/brltty-4.4/Programs/../Tables/numbers-dot8.tti fd=5
2013-04-20@15:14:51.446 including data file: /home/timothy/works/2012/braille/everything/UOBP/brltty-4.4/Programs/../Tables/numbers-dot8.tti
2013-04-20@15:14:51.448 file opened: /home/timothy/works/2012/braille/everything/UOBP/brltty-4.4/Programs/../Tables/common.tti fd=5
2013-04-20@15:14:51.450 including data file: /home/timothy/works/2012/braille/everything/UOBP/brltty-4.4/Programs/../Tables/common.tti
2013-04-20@15:14:51.451 file opened: /home/timothy/works/2012/braille/everything/UOBP/brltty-4.4/Programs/../Tables/spaces.tti fd=6
2013-04-20@15:14:51.452 including data file: /home/timothy/works/2012/braille/everything/UOBP/brltty-4.4/Programs/../Tables/spaces.tti
2013-04-20@15:14:51.453 file opened: /home/timothy/works/2012/braille/everything/UOBP/brltty-4.4/Programs/../Tables/boxes.tti fd=6
2013-04-20@15:14:51.453 including data file: /home/timothy/works/2012/braille/everything/UOBP/brltty-4.4/Programs/../Tables/boxes.tti
2013-04-20@15:14:51.455 file opened: /home/timothy/works/2012/braille/everything/UOBP/brltty-4.4/Programs/../Tables/blocks.tti fd=6
2013-04-20@15:14:51.455 including data file: /home/timothy/works/2012/braille/everything/UOBP/brltty-4.4/Programs/../Tables/blocks.tti
2013-04-20@15:14:51.456 Text Table: cs
2013-04-20@15:14:51.456 Attributes Table: attributes
2013-04-20@15:14:51.456 Contraction Table: none
2013-04-20@15:14:51.457 Key Table: none
2013-04-20@15:14:51.457 Keyboard Property: type=
2013-04-20@15:14:51.457 Keyboard Property: vendor=
2013-04-20@15:14:51.457 Keyboard Property: product=
2013-04-20@15:14:51.457 checking for screen driver: no
2013-04-20@15:14:51.457 initializing screen driver: no
2013-04-20@15:14:51.458 Screen Driver: no [NoScreen]
2013-04-20@15:14:51.458 NoScreen Screen Driver:
2013-04-20@15:14:51.458 BrlAPI Server: release 0.5.7
2013-04-20@15:14:51.458 API Parameter: auth=
2013-04-20@15:14:51.458 API Parameter: host=
2013-04-20@15:14:51.458 API Parameter: stacksize=
2013-04-20@15:14:51.459 checking braille device: /dev/ttyUSB0
2013-04-20@15:14:51.459 checking for braille driver: ob
2013-04-20@15:14:51.460 initializing braille driver: ob -> /dev/ttyUSB0
2013-04-20@15:14:51.460 Initializing serial.
2013-04-20@15:14:51.460 device directory: /dev
2013-04-20@15:14:51.462 socket 1 established (fd 5)
2013-04-20@15:14:51.465 linking local socket lock: Soubor již existuje
2013-04-20@15:14:51.468 socket 0 established (fd 6)
2013-04-20@15:14:51.472 serial device opened: /dev/ttyUSB0: fd=4
2013-04-20@15:14:51.877 Serial initialized.
2013-04-20@15:14:51.877 Initializing capability nodes.
2013-04-20@15:14:51.877 0Preform initializing capability nodes.
2013-04-20@15:14:51.877 1Preform initializing capability nodes.
2013-04-20@15:14:51.877 ERROR: End of packet reached unexpectedly.  Malformed packet.
2013-04-20@15:14:51.877 Sending start flag.
2013-04-20@15:14:51.877 Start flag sent.
2013-04-20@15:14:51.878 Packet sent.
2013-04-20@15:14:51.878 Initialization packet sent.
2013-04-20@15:14:51.878 Sending start flag.
2013-04-20@15:14:51.878 Start flag sent.
2013-04-20@15:14:51.878 Packet sent.
2013-04-20@15:14:51.878 Initialization packet sent.
2013-04-20@15:14:51.879 Sending start flag.
2013-04-20@15:14:51.879 Start flag sent.
2013-04-20@15:14:51.879 Packet sent.
2013-04-20@15:14:51.879 Initialization packet sent.
2013-04-20@15:14:51.879 Sending start flag.
2013-04-20@15:14:51.879 Start flag sent.
2013-04-20@15:14:51.879 Packet sent.
2013-04-20@15:14:51.879 Initialization packet sent.
2013-04-20@15:14:51.880 Sending start flag.
2013-04-20@15:14:51.880 Start flag sent.
2013-04-20@15:14:51.880 Packet sent.
2013-04-20@15:14:51.880 Initialization packet sent.
2013-04-20@15:14:51.880 Sending start flag.
2013-04-20@15:14:51.880 Start flag sent.
2013-04-20@15:14:51.880 Packet sent.
2013-04-20@15:14:51.880 Initialization packet sent.
2013-04-20@15:14:51.881 Sending start flag.
2013-04-20@15:14:51.881 Start flag sent.
2013-04-20@15:14:51.881 Packet sent.
2013-04-20@15:14:51.881 Initialization packet sent.
2013-04-20@15:14:51.881 Sending start flag.
2013-04-20@15:14:51.881 Start flag sent.
2013-04-20@15:14:51.881 Packet sent.
2013-04-20@15:14:51.882 Initialization packet sent.
2013-04-20@15:14:51.882 Sending start flag.
2013-04-20@15:14:51.883 Start flag sent.
2013-04-20@15:14:51.884 Packet sent.
2013-04-20@15:14:51.884 Initialization packet sent.
2013-04-20@15:14:51.884 Unexpected byte that was not a frame start flag. The byte was:0
2013-04-20@15:14:51.884 Unexpected byte that was not a frame start flag. The byte was:0
2013-04-20@15:14:51.884 Unexpected byte that was not a frame start flag. The byte was:0
2013-04-20@15:14:51.884 Unexpected byte that was not a frame start flag. The byte was:0
2013-04-20@15:14:51.885 Unexpected byte that was not a frame start flag. The byte was:0
2013-04-20@15:14:51.885 Unexpected byte that was not a frame start flag. The byte was:0
2013-04-20@15:14:51.885 Unexpected byte that was not a frame start flag. The byte was:0
2013-04-20@15:14:51.885 Unexpected byte that was not a frame start flag. The byte was:0
2013-04-20@15:14:51.885 Unexpected byte that was not a frame start flag. The byte was:0
2013-04-20@15:14:51.885 Unexpected byte that was not a frame start flag. The byte was:0
2013-04-20@15:14:51.886 Unexpected byte that was not a frame start flag. The byte was:0
2013-04-20@15:14:51.886 Unexpected byte that was not a frame start flag. The byte was:0
2013-04-20@15:14:51.886 Unexpected byte that was not a frame start flag. The byte was:0
2013-04-20@15:14:51.888 Unexpected byte that was not a frame start flag. The byte was:0
2013-04-20@15:14:51.890 Unexpected byte that was not a frame start flag. The byte was:0
2013-04-20@15:14:51.892 Unexpected byte that was not a frame start flag. The byte was:0
2013-04-20@15:14:51.894 Unexpected byte that was not a frame start flag. The byte was:0
2013-04-20@15:14:51.896 Unexpected byte that was not a frame start flag. The byte was:0
2013-04-20@15:14:51.898 Unexpected byte that was not a frame start flag. The byte was:0
2013-04-20@15:14:51.900 Unexpected byte that was not a frame start flag. The byte was:0
2013-04-20@15:14:51.902 Unexpected byte that was not a frame start flag. The byte was:0
2013-04-20@15:14:51.904 Unexpected byte that was not a frame start flag. The byte was:0
2013-04-20@15:14:51.906 Unexpected byte that was not a frame start flag. The byte was:0
2013-04-20@15:14:51.908 Unexpected byte that was not a frame start flag. The byte was:0
2013-04-20@15:14:51.910 Unexpected byte that was not a frame start flag. The byte was:0
2013-04-20@15:14:51.912 Unexpected byte that was not a frame start flag. The byte was:0
2013-04-20@15:14:51.914 Unexpected byte that was not a frame start flag. The byte was:0
2013-04-20@15:14:51.916 Unexpected byte that was not a frame start flag. The byte was:0
2013-04-20@15:14:51.920 Unexpected byte that was not a frame start flag. The byte was:0
2013-04-20@15:14:51.921 Unexpected byte that was not a frame start flag. The byte was:0
2013-04-20@15:14:51.924 Unexpected byte that was not a frame start flag. The byte was:0
2013-04-20@15:14:51.926 Unexpected byte that was not a frame start flag. The byte was:0
2013-04-20@15:14:51.928 Unexpected byte that was not a frame start flag. The byte was:0
2013-04-20@15:14:51.930 Unexpected byte that was not a frame start flag. The byte was:0
2013-04-20@15:14:51.932 Unexpected byte that was not a frame start flag. The byte was:0
2013-04-20@15:14:51.934 Unexpected byte that was not a frame start flag. The byte was:0
2013-04-20@15:14:51.936 Unexpected byte that was not a frame start flag. The byte was:0
2013-04-20@15:14:51.938 Unexpected byte that was not a frame start flag. The byte was:0
2013-04-20@15:14:51.940 Unexpected byte that was not a frame start flag. The byte was:0
2013-04-20@15:14:51.942 Unexpected byte that was not a frame start flag. The byte was:0
2013-04-20@15:14:51.944 Unexpected byte that was not a frame start flag. The byte was:0
2013-04-20@15:14:51.946 Unexpected byte that was not a frame start flag. The byte was:0
2013-04-20@15:14:51.948 Unexpected byte that was not a frame start flag. The byte was:0
2013-04-20@15:14:51.950 Unexpected byte that was not a frame start flag. The byte was:0
2013-04-20@15:14:51.952 Unexpected byte that was not a frame start flag. The byte was:0
2013-04-20@15:14:51.954 Unexpected byte that was not a frame start flag. The byte was:0
2013-04-20@15:14:51.956 Unexpected byte that was not a frame start flag. The byte was:0
2013-04-20@15:14:51.958 Unexpected byte that was not a frame start flag. The byte was:0
2013-04-20@15:14:51.960 Unexpected byte that was not a frame start flag. The byte was:0
2013-04-20@15:14:51.962 Unexpected byte that was not a frame start flag. The byte was:0
2013-04-20@15:14:51.964 Unexpected byte that was not a frame start flag. The byte was:0
2013-04-20@15:14:51.966 Unexpected byte that was not a frame start flag. The byte was:0
2013-04-20@15:14:51.968 Unexpected byte that was not a frame start flag. The byte was:0
2013-04-20@15:14:51.970 Unexpected byte that was not a frame start flag. The byte was:0
2013-04-20@15:14:51.972 Unexpected byte that was not a frame start flag. The byte was:0
2013-04-20@15:14:51.974 Unexpected byte that was not a frame start flag. The byte was:0
2013-04-20@15:14:51.976 Unexpected byte that was not a frame start flag. The byte was:0
2013-04-20@15:14:51.978 Unexpected byte that was not a frame start flag. The byte was:0
2013-04-20@15:14:51.980 Unexpected byte that was not a frame start flag. The byte was:0
2013-04-20@15:14:51.982 Unexpected byte that was not a frame start flag. The byte was:0
2013-04-20@15:14:51.984 Unexpected byte that was not a frame start flag. The byte was:0
2013-04-20@15:14:51.986 Unexpected byte that was not a frame start flag. The byte was:0
2013-04-20@15:14:51.988 Unexpected byte that was not a frame start flag. The byte was:0
2013-04-20@15:14:51.990 Unexpected byte that was not a frame start flag. The byte was:0
2013-04-20@15:14:51.992 Unexpected byte that was not a frame start flag. The byte was:0
2013-04-20@15:14:51.994 Unexpected byte that was not a frame start flag. The byte was:0
2013-04-20@15:14:51.996 Unexpected byte that was not a frame start flag. The byte was:0
2013-04-20@15:14:51.998 Unexpected byte that was not a frame start flag. The byte was:0
2013-04-20@15:14:52.000 Unexpected byte that was not a frame start flag. The byte was:0
2013-04-20@15:14:52.002 Unexpected byte that was not a frame start flag. The byte was:0
2013-04-20@15:14:52.004 Unexpected byte that was not a frame start flag. The byte was:0
2013-04-20@15:14:52.006 Unexpected byte that was not a frame start flag. The byte was:0
2013-04-20@15:14:52.008 Unexpected byte that was not a frame start flag. The byte was:0
2013-04-20@15:14:52.010 Unexpected byte that was not a frame start flag. The byte was:0
2013-04-20@15:14:52.012 Unexpected byte that was not a frame start flag. The byte was:0
2013-04-20@15:14:52.014 Unexpected byte that was not a frame start flag. The byte was:0
2013-04-20@15:14:52.016 Unexpected byte that was not a frame start flag. The byte was:0
2013-04-20@15:14:52.018 Unexpected byte that was not a frame start flag. The byte was:0
2013-04-20@15:14:52.020 Unexpected byte that was not a frame start flag. The byte was:0
2013-04-20@15:14:52.022 Unexpected byte that was not a frame start flag. The byte was:0
2013-04-20@15:14:52.024 Unexpected byte that was not a frame start flag. The byte was:0
2013-04-20@15:14:52.026 Unexpected byte that was not a frame start flag. The byte was:0
2013-04-20@15:14:52.028 Unexpected byte that was not a frame start flag. The byte was:0
2013-04-20@15:14:52.030 Unexpected byte that was not a frame start flag. The byte was:0
2013-04-20@15:14:52.032 Unexpected byte that was not a frame start flag. The byte was:0
2013-04-20@15:14:52.034 Unexpected byte that was not a frame start flag. The byte was:0
2013-04-20@15:14:52.036 Unexpected byte that was not a frame start flag. The byte was:0
2013-04-20@15:14:52.038 Unexpected byte that was not a frame start flag. The byte was:0
2013-04-20@15:14:52.040 Unexpected byte that was not a frame start flag. The byte was:0
2013-04-20@15:14:52.042 Unexpected byte that was not a frame start flag. The byte was:0
2013-04-20@15:14:52.044 Unexpected byte that was not a frame start flag. The byte was:0
2013-04-20@15:14:52.046 Unexpected byte that was not a frame start flag. The byte was:0
2013-04-20@15:14:52.048 Unexpected byte that was not a frame start flag. The byte was:0
2013-04-20@15:14:52.050 Unexpected byte that was not a frame start flag. The byte was:0
2013-04-20@15:14:52.052 Unexpected byte that was not a frame start flag. The byte was:0
2013-04-20@15:14:52.054 Unexpected byte that was not a frame start flag. The byte was:0
2013-04-20@15:14:52.056 Unexpected byte that was not a frame start flag. The byte was:0
2013-04-20@15:14:52.058 Unexpected byte that was not a frame start flag. The byte was:0
2013-04-20@15:14:52.060 Unexpected byte that was not a frame start flag. The byte was:0
2013-04-20@15:14:52.062 Unexpected byte that was not a frame start flag. The byte was:0
2013-04-20@15:14:52.064 Unexpected byte that was not a frame start flag. The byte was:0
2013-04-20@15:14:52.064 Sending start flag.
2013-04-20@15:14:52.064 Start flag sent.
2013-04-20@15:14:52.065 Packet sent.
2013-04-20@15:14:52.065 Initialization packet sent.
2013-04-20@15:14:52.065 Unexpected byte that was not a frame start flag. The byte was:0
2013-04-20@15:14:52.065 Unexpected byte that was not a frame start flag. The byte was:0
2013-04-20@15:14:52.065 Unexpected byte that was not a frame start flag. The byte was:0
2013-04-20@15:14:52.066 Unexpected byte that was not a frame start flag. The byte was:0
2013-04-20@15:14:52.066 Unexpected byte that was not a frame start flag. The byte was:0
2013-04-20@15:14:52.066 Unexpected byte that was not a frame start flag. The byte was:0
2013-04-20@15:14:52.068 Unexpected byte that was not a frame start flag. The byte was:0
2013-04-20@15:14:52.070 Unexpected byte that was not a frame start flag. The byte was:0
2013-04-20@15:14:52.072 Unexpected byte that was not a frame start flag. The byte was:0
2013-04-20@15:14:52.074 Unexpected byte that was not a frame start flag. The byte was:0
2013-04-20@15:14:52.076 Unexpected byte that was not a frame start flag. The byte was:0
2013-04-20@15:14:52.078 Unexpected byte that was not a frame start flag. The byte was:0
2013-04-20@15:14:52.080 Unexpected byte that was not a frame start flag. The byte was:0
2013-04-20@15:14:52.082 Unexpected byte that was not a frame start flag. The byte was:0
2013-04-20@15:14:52.084 Unexpected byte that was not a frame start flag. The byte was:0
2013-04-20@15:14:52.086 Unexpected byte that was not a frame start flag. The byte was:0
2013-04-20@15:14:52.088 Unexpected byte that was not a frame start flag. The byte was:0
2013-04-20@15:14:52.090 Unexpected byte that was not a frame start flag. The byte was:0
2013-04-20@15:14:52.092 Unexpected byte that was not a frame start flag. The byte was:0
2013-04-20@15:14:52.094 Unexpected byte that was not a frame start flag. The byte was:0
2013-04-20@15:14:52.096 Unexpected byte that was not a frame start flag. The byte was:0
2013-04-20@15:14:52.098 Unexpected byte that was not a frame start flag. The byte was:0
2013-04-20@15:14:52.100 Unexpected byte that was not a frame start flag. The byte was:0
2013-04-20@15:14:52.102 Unexpected byte that was not a frame start flag. The byte was:0
2013-04-20@15:14:52.104 Unexpected byte that was not a frame start flag. The byte was:0
2013-04-20@15:14:52.106 Unexpected byte that was not a frame start flag. The byte was:0
2013-04-20@15:14:52.108 Unexpected byte that was not a frame start flag. The byte was:0
2013-04-20@15:14:52.110 Unexpected byte that was not a frame start flag. The byte was:0
2013-04-20@15:14:52.112 Unexpected byte that was not a frame start flag. The byte was:0
2013-04-20@15:14:52.114 Unexpected byte that was not a frame start flag. The byte was:0
2013-04-20@15:14:52.116 Unexpected byte that was not a frame start flag. The byte was:0
2013-04-20@15:14:52.118 Unexpected byte that was not a frame start flag. The byte was:0
2013-04-20@15:14:52.120 Unexpected byte that was not a frame start flag. The byte was:0
2013-04-20@15:14:52.122 Unexpected byte that was not a frame start flag. The byte was:0
2013-04-20@15:14:52.124 Unexpected byte that was not a frame start flag. The byte was:0
2013-04-20@15:14:52.126 Unexpected byte that was not a frame start flag. The byte was:0
2013-04-20@15:14:52.128 Unexpected byte that was not a frame start flag. The byte was:0
2013-04-20@15:14:52.130 Unexpected byte that was not a frame start flag. The byte was:0
2013-04-20@15:14:52.132 Unexpected byte that was not a frame start flag. The byte was:0
2013-04-20@15:14:52.134 Unexpected byte that was not a frame start flag. The byte was:0
2013-04-20@15:14:52.136 Unexpected byte that was not a frame start flag. The byte was:0
2013-04-20@15:14:52.138 Unexpected byte that was not a frame start flag. The byte was:0
2013-04-20@15:14:52.140 Unexpected byte that was not a frame start flag. The byte was:0
2013-04-20@15:14:52.142 Unexpected byte that was not a frame start flag. The byte was:0
2013-04-20@15:14:52.144 Unexpected byte that was not a frame start flag. The byte was:0
2013-04-20@15:14:52.146 Unexpected byte that was not a frame start flag. The byte was:0
2013-04-20@15:14:52.148 Unexpected byte that was not a frame start flag. The byte was:0
2013-04-20@15:14:52.150 Unexpected byte that was not a frame start flag. The byte was:0
2013-04-20@15:14:52.152 Unexpected byte that was not a frame start flag. The byte was:0
2013-04-20@15:14:52.154 Unexpected byte that was not a frame start flag. The byte was:0
2013-04-20@15:14:52.156 Unexpected byte that was not a frame start flag. The byte was:0
2013-04-20@15:14:52.158 Unexpected byte that was not a frame start flag. The byte was:0
2013-04-20@15:14:52.160 Unexpected byte that was not a frame start flag. The byte was:0
2013-04-20@15:14:52.162 Unexpected byte that was not a frame start flag. The byte was:0
2013-04-20@15:14:52.164 Unexpected byte that was not a frame start flag. The byte was:0
2013-04-20@15:14:52.166 Unexpected byte that was not a frame start flag. The byte was:0
2013-04-20@15:14:52.168 Unexpected byte that was not a frame start flag. The byte was:0
2013-04-20@15:14:52.170 Unexpected byte that was not a frame start flag. The byte was:0
2013-04-20@15:14:52.172 Unexpected byte that was not a frame start flag. The byte was:0
2013-04-20@15:14:52.174 Unexpected byte that was not a frame start flag. The byte was:0
2013-04-20@15:14:52.176 Unexpected byte that was not a frame start flag. The byte was:0
2013-04-20@15:14:52.178 Unexpected byte that was not a frame start flag. The byte was:0
2013-04-20@15:14:52.180 Unexpected byte that was not a frame start flag. The byte was:0
2013-04-20@15:14:52.182 Unexpected byte that was not a frame start flag. The byte was:0
2013-04-20@15:14:52.184 Unexpected byte that was not a frame start flag. The byte was:0
2013-04-20@15:14:52.186 Unexpected byte that was not a frame start flag. The byte was:0
2013-04-20@15:14:52.188 Unexpected byte that was not a frame start flag. The byte was:0
2013-04-20@15:14:52.190 Unexpected byte that was not a frame start flag. The byte was:0
2013-04-20@15:14:52.192 Unexpected byte that was not a frame start flag. The byte was:0
2013-04-20@15:14:52.194 Unexpected byte that was not a frame start flag. The byte was:0
2013-04-20@15:14:52.196 Unexpected byte that was not a frame start flag. The byte was:0
2013-04-20@15:14:52.198 Unexpected byte that was not a frame start flag. The byte was:0
2013-04-20@15:14:52.200 Unexpected byte that was not a frame start flag. The byte was:0
2013-04-20@15:14:52.202 Unexpected byte that was not a frame start flag. The byte was:0
2013-04-20@15:14:52.204 Unexpected byte that was not a frame start flag. The byte was:0
2013-04-20@15:14:52.206 Unexpected byte that was not a frame start flag. The byte was:0
2013-04-20@15:14:52.208 Unexpected byte that was not a frame start flag. The byte was:0
2013-04-20@15:14:52.210 Unexpected byte that was not a frame start flag. The byte was:0
2013-04-20@15:14:52.212 Unexpected byte that was not a frame start flag. The byte was:0
2013-04-20@15:14:52.214 Unexpected byte that was not a frame start flag. The byte was:0
2013-04-20@15:14:52.216 Unexpected byte that was not a frame start flag. The byte was:0
2013-04-20@15:14:52.218 Unexpected byte that was not a frame start flag. The byte was:0
2013-04-20@15:14:52.220 Unexpected byte that was not a frame start flag. The byte was:0
2013-04-20@15:14:52.222 Unexpected byte that was not a frame start flag. The byte was:0
2013-04-20@15:14:52.224 Unexpected byte that was not a frame start flag. The byte was:0
2013-04-20@15:14:52.226 Unexpected byte that was not a frame start flag. The byte was:0
2013-04-20@15:14:52.228 Unexpected byte that was not a frame start flag. The byte was:0
2013-04-20@15:14:52.230 Unexpected byte that was not a frame start flag. The byte was:0
2013-04-20@15:14:52.232 Unexpected byte that was not a frame start flag. The byte was:0
2013-04-20@15:14:52.234 Unexpected byte that was not a frame start flag. The byte was:0
2013-04-20@15:14:52.236 Unexpected byte that was not a frame start flag. The byte was:0
2013-04-20@15:14:52.238 Unexpected byte that was not a frame start flag. The byte was:0
2013-04-20@15:14:52.240 Unexpected byte that was not a frame start flag. The byte was:0
2013-04-20@15:14:52.242 Unexpected byte that was not a frame start flag. The byte was:0
2013-04-20@15:14:52.244 Unexpected byte that was not a frame start flag. The byte was:0
2013-04-20@15:14:52.246 Unexpected byte that was not a frame start flag. The byte was:0
2013-04-20@15:14:52.248 Unexpected byte that was not a frame start flag. The byte was:0
2013-04-20@15:14:52.250 Unexpected byte that was not a frame start flag. The byte was:0
2013-04-20@15:14:52.252 Unexpected byte that was not a frame start flag. The byte was:0
2013-04-20@15:14:52.254 Unexpected byte that was not a frame start flag. The byte was:0
2013-04-20@15:14:52.256 Unexpected byte that was not a frame start flag. The byte was:0
2013-04-20@15:14:52.256 Sending start flag.
2013-04-20@15:14:52.256 Start flag sent.
2013-04-20@15:14:52.257 Packet sent.
2013-04-20@15:14:52.257 Initialization packet sent.
2013-04-20@15:14:52.257 Unexpected byte that was not a frame start flag. The byte was:0
2013-04-20@15:14:52.257 Unexpected byte that was not a frame start flag. The byte was:0
2013-04-20@15:14:52.257 Unexpected byte that was not a frame start flag. The byte was:0
2013-04-20@15:14:52.257 Unexpected byte that was not a frame start flag. The byte was:0
2013-04-20@15:14:52.258 Unexpected byte that was not a frame start flag. The byte was:0
2013-04-20@15:14:52.258 Unexpected byte that was not a frame start flag. The byte was:0
2013-04-20@15:14:52.260 Unexpected byte that was not a frame start flag. The byte was:0
2013-04-20@15:14:52.262 Unexpected byte that was not a frame start flag. The byte was:0
2013-04-20@15:14:52.264 Unexpected byte that was not a frame start flag. The byte was:0
2013-04-20@15:14:52.266 Unexpected byte that was not a frame start flag. The byte was:0
2013-04-20@15:14:52.268 Unexpected byte that was not a frame start flag. The byte was:0
2013-04-20@15:14:52.270 Unexpected byte that was not a frame start flag. The byte was:0
2013-04-20@15:14:52.272 Unexpected byte that was not a frame start flag. The byte was:0
2013-04-20@15:14:52.274 Unexpected byte that was not a frame start flag. The byte was:0
2013-04-20@15:14:52.276 Unexpected byte that was not a frame start flag. The byte was:0
2013-04-20@15:14:52.278 Unexpected byte that was not a frame start flag. The byte was:0
2013-04-20@15:14:52.280 Unexpected byte that was not a frame start flag. The byte was:0
2013-04-20@15:14:52.283 Unexpected byte that was not a frame start flag. The byte was:0
2013-04-20@15:14:52.284 Unexpected byte that was not a frame start flag. The byte was:0
2013-04-20@15:14:52.286 Unexpected byte that was not a frame start flag. The byte was:0
2013-04-20@15:14:52.288 Unexpected byte that was not a frame start flag. The byte was:0
2013-04-20@15:14:52.290 Unexpected byte that was not a frame start flag. The byte was:0
2013-04-20@15:14:52.292 Unexpected byte that was not a frame start flag. The byte was:0
2013-04-20@15:14:52.294 Unexpected byte that was not a frame start flag. The byte was:0
2013-04-20@15:14:52.296 Unexpected byte that was not a frame start flag. The byte was:0
2013-04-20@15:14:52.298 Unexpected byte that was not a frame start flag. The byte was:0
2013-04-20@15:14:52.300 Unexpected byte that was not a frame start flag. The byte was:0
2013-04-20@15:14:52.302 Unexpected byte that was not a frame start flag. The byte was:0
2013-04-20@15:14:52.304 Unexpected byte that was not a frame start flag. The byte was:0
2013-04-20@15:14:52.306 Unexpected byte that was not a frame start flag. The byte was:0
2013-04-20@15:14:52.308 Unexpected byte that was not a frame start flag. The byte was:0
2013-04-20@15:14:52.310 Unexpected byte that was not a frame start flag. The byte was:0
2013-04-20@15:14:52.312 Unexpected byte that was not a frame start flag. The byte was:0
2013-04-20@15:14:52.314 Unexpected byte that was not a frame start flag. The byte was:0
2013-04-20@15:14:52.316 Unexpected byte that was not a frame start flag. The byte was:0
2013-04-20@15:14:52.318 Unexpected byte that was not a frame start flag. The byte was:0
2013-04-20@15:14:52.320 Unexpected byte that was not a frame start flag. The byte was:0
2013-04-20@15:14:52.322 Unexpected byte that was not a frame start flag. The byte was:0
2013-04-20@15:14:52.324 Unexpected byte that was not a frame start flag. The byte was:0
2013-04-20@15:14:52.326 Unexpected byte that was not a frame start flag. The byte was:0
2013-04-20@15:14:52.328 Unexpected byte that was not a frame start flag. The byte was:0
2013-04-20@15:14:52.330 Unexpected byte that was not a frame start flag. The byte was:0
2013-04-20@15:14:52.332 Unexpected byte that was not a frame start flag. The byte was:0
2013-04-20@15:14:52.334 Unexpected byte that was not a frame start flag. The byte was:0
2013-04-20@15:14:52.336 Unexpected byte that was not a frame start flag. The byte was:0
2013-04-20@15:14:52.338 Unexpected byte that was not a frame start flag. The byte was:0
2013-04-20@15:14:52.340 Unexpected byte that was not a frame start flag. The byte was:0
2013-04-20@15:14:52.342 Unexpected byte that was not a frame start flag. The byte was:0
2013-04-20@15:14:52.344 Unexpected byte that was not a frame start flag. The byte was:0
2013-04-20@15:14:52.346 Unexpected byte that was not a frame start flag. The byte was:0
2013-04-20@15:14:52.348 Unexpected byte that was not a frame start flag. The byte was:0
2013-04-20@15:14:52.350 Unexpected byte that was not a frame start flag. The byte was:0
2013-04-20@15:14:52.352 Unexpected byte that was not a frame start flag. The byte was:0
2013-04-20@15:14:52.354 Unexpected byte that was not a frame start flag. The byte was:0
2013-04-20@15:14:52.356 Unexpected byte that was not a frame start flag. The byte was:0
2013-04-20@15:14:52.358 Unexpected byte that was not a frame start flag. The byte was:0
2013-04-20@15:14:52.360 Unexpected byte that was not a frame start flag. The byte was:0
2013-04-20@15:14:52.362 Unexpected byte that was not a frame start flag. The byte was:0
2013-04-20@15:14:52.364 Unexpected byte that was not a frame start flag. The byte was:0
2013-04-20@15:14:52.366 Unexpected byte that was not a frame start flag. The byte was:0
2013-04-20@15:14:52.368 Unexpected byte that was not a frame start flag. The byte was:0
2013-04-20@15:14:52.370 Unexpected byte that was not a frame start flag. The byte was:0
2013-04-20@15:14:52.372 Unexpected byte that was not a frame start flag. The byte was:0
2013-04-20@15:14:52.374 Unexpected byte that was not a frame start flag. The byte was:0
2013-04-20@15:14:52.376 Unexpected byte that was not a frame start flag. The byte was:0
2013-04-20@15:14:52.378 Unexpected byte that was not a frame start flag. The byte was:0
2013-04-20@15:14:52.380 Unexpected byte that was not a frame start flag. The byte was:0
2013-04-20@15:14:52.382 Unexpected byte that was not a frame start flag. The byte was:0
2013-04-20@15:14:52.384 Unexpected byte that was not a frame start flag. The byte was:0
2013-04-20@15:14:52.386 Unexpected byte that was not a frame start flag. The byte was:0
2013-04-20@15:14:52.388 Unexpected byte that was not a frame start flag. The byte was:0
2013-04-20@15:14:52.390 Unexpected byte that was not a frame start flag. The byte was:0
2013-04-20@15:14:52.392 Unexpected byte that was not a frame start flag. The byte was:0
2013-04-20@15:14:52.394 Unexpected byte that was not a frame start flag. The byte was:0
2013-04-20@15:14:52.396 Unexpected byte that was not a frame start flag. The byte was:0
2013-04-20@15:14:52.398 Unexpected byte that was not a frame start flag. The byte was:0
2013-04-20@15:14:52.400 Unexpected byte that was not a frame start flag. The byte was:0
2013-04-20@15:14:52.402 Unexpected byte that was not a frame start flag. The byte was:0
2013-04-20@15:14:52.404 Unexpected byte that was not a frame start flag. The byte was:0
2013-04-20@15:14:52.406 Unexpected byte that was not a frame start flag. The byte was:0
2013-04-20@15:14:52.408 Unexpected byte that was not a frame start flag. The byte was:0
2013-04-20@15:14:52.410 Unexpected byte that was not a frame start flag. The byte was:0
2013-04-20@15:14:52.412 Unexpected byte that was not a frame start flag. The byte was:0
2013-04-20@15:14:52.414 Unexpected byte that was not a frame start flag. The byte was:0
2013-04-20@15:14:52.416 Unexpected byte that was not a frame start flag. The byte was:0
2013-04-20@15:14:52.418 Unexpected byte that was not a frame start flag. The byte was:0
2013-04-20@15:14:52.420 Unexpected byte that was not a frame start flag. The byte was:0
2013-04-20@15:14:52.422 Unexpected byte that was not a frame start flag. The byte was:0
2013-04-20@15:14:52.424 Unexpected byte that was not a frame start flag. The byte was:0
2013-04-20@15:14:52.426 Unexpected byte that was not a frame start flag. The byte was:0
2013-04-20@15:14:52.428 Unexpected byte that was not a frame start flag. The byte was:0
2013-04-20@15:14:52.430 Unexpected byte that was not a frame start flag. The byte was:0
2013-04-20@15:14:52.432 Unexpected byte that was not a frame start flag. The byte was:0
2013-04-20@15:14:52.434 Unexpected byte that was not a frame start flag. The byte was:0
2013-04-20@15:14:52.436 Unexpected byte that was not a frame start flag. The byte was:0
2013-04-20@15:14:52.438 Unexpected byte that was not a frame start flag. The byte was:0
2013-04-20@15:14:52.440 Unexpected byte that was not a frame start flag. The byte was:0
2013-04-20@15:14:52.442 Unexpected byte that was not a frame start flag. The byte was:0
2013-04-20@15:14:52.444 Unexpected byte that was not a frame start flag. The byte was:0
2013-04-20@15:14:52.446 Unexpected byte that was not a frame start flag. The byte was:0
2013-04-20@15:14:52.448 Unexpected byte that was not a frame start flag. The byte was:0
2013-04-20@15:14:52.448 Sending start flag.
2013-04-20@15:14:52.448 Start flag sent.
2013-04-20@15:14:52.448 Packet sent.
2013-04-20@15:14:52.448 Initialization packet sent.
2013-04-20@15:14:52.448 Unexpected byte that was not a frame start flag. The byte was:0
2013-04-20@15:14:52.448 Unexpected byte that was not a frame start flag. The byte was:0
2013-04-20@15:14:52.448 Unexpected byte that was not a frame start flag. The byte was:0
2013-04-20@15:14:52.448 Unexpected byte that was not a frame start flag. The byte was:0
2013-04-20@15:14:52.449 Unexpected byte that was not a frame start flag. The byte was:0
2013-04-20@15:14:52.449 Unexpected byte that was not a frame start flag. The byte was:0
2013-04-20@15:14:52.449 Unexpected byte that was not a frame start flag. The byte was:0
2013-04-20@15:14:52.449 Unexpected byte that was not a frame start flag. The byte was:0
2013-04-20@15:14:52.449 Unexpected byte that was not a frame start flag. The byte was:0
2013-04-20@15:14:52.449 Unexpected byte that was not a frame start flag. The byte was:0
2013-04-20@15:14:52.449 Unexpected byte that was not a frame start flag. The byte was:0
2013-04-20@15:14:52.449 Unexpected byte that was not a frame start flag. The byte was:0
2013-04-20@15:14:52.449 Unexpected byte that was not a frame start flag. The byte was:0
2013-04-20@15:14:52.449 Unexpected byte that was not a frame start flag. The byte was:0
2013-04-20@15:14:52.449 Unexpected byte that was not a frame start flag. The byte was:0
2013-04-20@15:14:52.449 Unexpected byte that was not a frame start flag. The byte was:0
2013-04-20@15:14:52.449 Unexpected byte that was not a frame start flag. The byte was:0
2013-04-20@15:14:52.449 Unexpected byte that was not a frame start flag. The byte was:0
2013-04-20@15:14:52.449 Unexpected byte that was not a frame start flag. The byte was:0
2013-04-20@15:14:52.449 Unexpected byte that was not a frame start flag. The byte was:0
2013-04-20@15:14:52.449 Unexpected byte that was not a frame start flag. The byte was:0
2013-04-20@15:14:52.450 Unexpected byte that was not a frame start flag. The byte was:0
2013-04-20@15:14:52.450 Unexpected byte that was not a frame start flag. The byte was:0
2013-04-20@15:14:52.450 Unexpected byte that was not a frame start flag. The byte was:0
2013-04-20@15:14:52.450 Unexpected byte that was not a frame start flag. The byte was:0
2013-04-20@15:14:52.450 Unexpected byte that was not a frame start flag. The byte was:0
2013-04-20@15:14:52.450 Unexpected byte that was not a frame start flag. The byte was:0
2013-04-20@15:14:52.450 Unexpected byte that was not a frame start flag. The byte was:0
2013-04-20@15:14:52.452 Unexpected byte that was not a frame start flag. The byte was:0
2013-04-20@15:14:52.454 Unexpected byte that was not a frame start flag. The byte was:0
2013-04-20@15:14:52.456 Unexpected byte that was not a frame start flag. The byte was:0
2013-04-20@15:14:52.458 Unexpected byte that was not a frame start flag. The byte was:0
2013-04-20@15:14:52.460 Unexpected byte that was not a frame start flag. The byte was:0
2013-04-20@15:14:52.462 Unexpected byte that was not a frame start flag. The byte was:0
2013-04-20@15:14:52.464 Unexpected byte that was not a frame start flag. The byte was:0
2013-04-20@15:14:52.466 Unexpected byte that was not a frame start flag. The byte was:0
2013-04-20@15:14:52.468 Unexpected byte that was not a frame start flag. The byte was:0
2013-04-20@15:14:52.470 Unexpected byte that was not a frame start flag. The byte was:0
2013-04-20@15:14:52.472 Unexpected byte that was not a frame start flag. The byte was:0
2013-04-20@15:14:52.475 Unexpected byte that was not a frame start flag. The byte was:0
2013-04-20@15:14:52.477 Unexpected byte that was not a frame start flag. The byte was:0
2013-04-20@15:14:52.479 Unexpected byte that was not a frame start flag. The byte was:0
2013-04-20@15:14:52.481 Unexpected byte that was not a frame start flag. The byte was:0
2013-04-20@15:14:52.483 Unexpected byte that was not a frame start flag. The byte was:0
2013-04-20@15:14:52.485 Unexpected byte that was not a frame start flag. The byte was:0
2013-04-20@15:14:52.487 Unexpected byte that was not a frame start flag. The byte was:0
2013-04-20@15:14:52.489 Unexpected byte that was not a frame start flag. The byte was:0
2013-04-20@15:14:52.491 Unexpected byte that was not a frame start flag. The byte was:0
2013-04-20@15:14:52.493 Unexpected byte that was not a frame start flag. The byte was:0
2013-04-20@15:14:52.495 Unexpected byte that was not a frame start flag. The byte was:0
2013-04-20@15:14:52.497 Unexpected byte that was not a frame start flag. The byte was:0
2013-04-20@15:14:52.499 Unexpected byte that was not a frame start flag. The byte was:0
2013-04-20@15:14:52.501 Unexpected byte that was not a frame start flag. The byte was:0
2013-04-20@15:14:52.503 Unexpected byte that was not a frame start flag. The byte was:0
2013-04-20@15:14:52.505 Unexpected byte that was not a frame start flag. The byte was:0
2013-04-20@15:14:52.507 Unexpected byte that was not a frame start flag. The byte was:0
2013-04-20@15:14:52.509 Unexpected byte that was not a frame start flag. The byte was:0
2013-04-20@15:14:52.511 Unexpected byte that was not a frame start flag. The byte was:0
2013-04-20@15:14:52.513 Unexpected byte that was not a frame start flag. The byte was:0
2013-04-20@15:14:52.515 Unexpected byte that was not a frame start flag. The byte was:0
2013-04-20@15:14:52.517 Unexpected byte that was not a frame start flag. The byte was:0
2013-04-20@15:14:52.519 Unexpected byte that was not a frame start flag. The byte was:0
2013-04-20@15:14:52.521 Unexpected byte that was not a frame start flag. The byte was:0
2013-04-20@15:14:52.523 Unexpected byte that was not a frame start flag. The byte was:0
2013-04-20@15:14:52.525 Unexpected byte that was not a frame start flag. The byte was:0
2013-04-20@15:14:52.527 Unexpected byte that was not a frame start flag. The byte was:0
2013-04-20@15:14:52.529 Unexpected byte that was not a frame start flag. The byte was:0
2013-04-20@15:14:52.531 Unexpected byte that was not a frame start flag. The byte was:0
2013-04-20@15:14:52.533 Unexpected byte that was not a frame start flag. The byte was:0
2013-04-20@15:14:52.535 Unexpected byte that was not a frame start flag. The byte was:0
2013-04-20@15:14:52.537 Unexpected byte that was not a frame start flag. The byte was:0
2013-04-20@15:14:52.539 Unexpected byte that was not a frame start flag. The byte was:0
2013-04-20@15:14:52.541 Unexpected byte that was not a frame start flag. The byte was:0
2013-04-20@15:14:52.543 Unexpected byte that was not a frame start flag. The byte was:0
2013-04-20@15:14:52.545 Unexpected byte that was not a frame start flag. The byte was:0
2013-04-20@15:14:52.547 Unexpected byte that was not a frame start flag. The byte was:0
2013-04-20@15:14:52.549 Unexpected byte that was not a frame start flag. The byte was:0
2013-04-20@15:14:52.551 Unexpected byte that was not a frame start flag. The byte was:0
